185,306,307
71,72,194
290,119,234
207,102,276
226,106,227
84,281,268
59,60,152
259,313,97
13,14,246
74,182,305
348,327,345
308,109,304
15,16,331
337,336,123
229,271,107
225,141,241
260,277,136
361,369,367
243,150,199
51,287,50
159,113,292
46,47,358
154,252,253
78,222,242
223,342,105
201,124,212
289,129,299
79,261,243
265,210,339
341,347,123
155,156,157
303,362,5
33,288,149
27,323,356
63,143,145
177,87,178
172,100,232
208,209,194
215,139,232
221,104,350
80,170,237
226,227,228
25,155,157
337,355,239
240,293,111
47,48,366
145,144,111
160,159,89
310,311,256
89,159,278
229,107,230
72,73,318
9,10,264
213,98,314
57,58,322
301,339,125
340,334,262
84,345,281
219,91,274
178,276,102
62,145,165
69,70,192
335,122,354
29,160,255
351,350,133
316,317,206
358,350,326
224,105,352
10,11,341
158,113,159
294,138,296
248,328,134
41,346,340
36,37,298
142,93,282
197,302,125
77,273,223
143,144,145
229,230,231
209,277,260
285,302,197
203,97,313
202,106,187
250,135,251
337,123,355
43,244,245
281,130,274
347,355,123
140,164,110
68,183,185
11,347,341
56,57,357
48,49,364
301,125,302
287,128,363
30,167,158
63,284,143
259,260,261
191,271,193
41,42,346
280,342,131
48,364,366
283,360,20
204,190,205
359,352,329
217,218,219
281,343,130
81,176,308
148,286,287
191,190,107
182,100,304
160,89,254
43,44,244
183,184,185
76,256,258
295,232,139
158,159,160
216,215,90
278,136,277
245,116,354
37,38,338
30,31,167
333,99,336
37,338,298
301,302,303
339,210,125
267,254,174
332,98,334
361,127,369
356,325,119
344,330,105
180,181,182
78,242,217
298,299,300
273,272,131
42,245,346
78,275,220
265,264,99
266,324,115
60,61,165
238,116,227
77,223,225
55,291,161
86,172,295
341,123,336
300,365,35
21,142,283
242,296,217
305,304,109
280,131,272
241,297,214
155,86,156
142,282,283
256,257,258
49,363,364
179,317,309
228,227,116
16,359,329
256,96,257
84,268,226
309,108,306
358,366,133
55,56,291
198,197,125
222,94,147
153,111,293
84,228,348
332,334,335
26,356,290
24,25,157
148,94,286
146,166,112
66,316,206
171,100,172
75,4,193
273,342,223
25,290,155
85,280,270
170,88,236
14,250,246
275,274,130
148,147,94
73,74,305
208,319,103
146,112,147
176,175,103
348,249,134
353,352,132
51,148,287
92,285,197
143,285,92
256,311,96
231,230,117
26,27,356
291,236,161
63,64,284
17,367,359
80,309,168
281,274,268
10,341,264
188,269,192
80,237,266
266,252,177
89,278,175
242,147,112
258,257,137
185,101,306
177,178,179
287,363,50
186,194,97
70,188,192
273,131,342
223,105,224
16,329,331
67,307,316
235,234,119
152,111,153
97,209,260
82,202,203
268,274,91
81,267,174
50,363,3
203,187,97
76,240,196
364,363,128
201,212,213
321,315,333
19,360,361
223,224,225
250,251,246
95,289,200
204,230,107
77,216,273
283,282,127
21,283,20
228,249,348
202,187,203
80,266,177
168,169,170
68,185,307
7,339,301
175,277,103
4,191,193
258,137,293
152,165,111
46,358,326
213,314,312
74,180,182
27,28,323
366,368,133
205,190,96
326,350,104
198,125,210
225,224,93
329,105,330
78,220,222
45,328,248
142,141,93
91,218,184
240,111,144
310,120,311
174,254,89
66,67,316
85,349,344
318,319,208
270,271,229
179,178,102
52,53,166
289,299,200
323,114,325
275,343,220
353,369,282
78,219,275
203,313,320
288,365,129
32,151,167
84,348,345
349,251,135
278,292,136
290,356,119
83,333,337
284,362,126
214,297,139
8,265,339
199,150,95
247,355,347
72,208,194
85,344,280
216,90,272
84,226,228
80,168,170
155,234,86
40,41,340
206,207,195
182,181,100
195,189,65
82,332,335
149,150,151
309,306,168
151,150,113
258,293,240
312,313,259
248,249,244
204,107,190
248,134,249
191,107,271
262,334,98
344,342,280
345,343,281
18,19,361
261,136,292
168,101,169
291,357,118
181,232,100
79,201,213
364,128,368
247,246,117
308,319,109
140,141,142
206,102,207
29,158,160
316,108,317
13,246,247
246,251,117
240,144,196
169,101,233
33,34,288
46,326,328
28,255,323
159,292,278
257,276,137
255,254,114
5,362,370
38,39,263
172,232,295
205,311,321
79,199,201
74,75,180
216,272,273
241,141,110
65,189,4
359,367,132
34,2,365
268,269,226
87,279,178
62,63,145
8,9,265
183,91,184
82,320,332
12,247,347
238,227,202
247,117,355
28,29,255
333,315,99
345,327,104
316,307,108
184,233,101
217,296,138
259,97,260
284,126,285
195,96,189
53,54,166
194,209,97
238,354,116
275,130,343
75,193,180
72,318,208
180,193,90
214,139,215
213,212,98
344,105,342
68,69,183
298,338,124
166,163,112
298,124,299
79,259,261
36,298,300
154,87,252
23,24,164
51,146,148
76,258,240
349,330,344
70,186,188
167,151,113
245,244,116
160,254,255
294,233,138
221,350,351
346,354,122
24,157,164
161,236,88
14,15,250
359,132,352
11,12,347
279,293,137
351,133,368
154,153,87
196,197,198
169,233,294
335,334,122
94,351,286
284,285,143
331,330,135
329,352,105
82,238,202
152,153,154
332,314,98
320,313,121
220,343,104
6,7,301
199,200,201
39,40,262
80,179,309
237,118,324
158,167,113
237,236,118
348,134,327
81,235,267
266,115,252
88,294,162
163,162,112
162,296,112
245,354,346
25,26,290
208,103,209
192,269,91
353,132,369
9,264,265
86,295,156
71,194,186
12,13,247
39,262,263
93,224,353
82,203,320
38,263,338
58,253,322
231,251,349
285,126,302
364,368,366
300,129,365
173,172,86
239,117,230
20,360,1
322,115,324
243,292,113
64,362,284
340,122,334
44,45,248
33,149,151
279,276,178
218,233,184
267,325,114
288,289,149
338,212,124
286,368,128
290,234,155
295,139,297
73,305,318
31,32,167
263,262,98
263,98,212
303,302,126
199,95,200
211,99,315
82,335,238
174,89,175
300,299,129
226,269,106
54,55,163
295,297,156
85,231,349
186,187,188
57,322,357
361,360,127
341,336,264
64,370,362
283,127,360
149,95,150
21,22,140
143,92,144
83,321,333
326,327,328
321,120,315
156,297,110
323,325,356
18,361,367
170,169,88
282,369,127
239,355,117
66,206,195
220,221,222
263,212,338
186,97,187
189,190,191
161,88,162
52,166,146
55,161,163
59,154,253
222,147,242
168,306,101
76,310,256
6,301,303
83,204,205
70,71,186
19,1,360
189,96,190
333,336,337
83,239,204
188,187,106
294,296,162
67,68,307
81,308,171
176,319,308
7,8,339
349,135,330
196,144,92
193,271,90
280,272,270
318,305,109
76,198,211
34,365,288
211,315,310
140,110,141
322,253,115
171,304,100
312,121,313
173,86,234
323,255,114
241,110,297
47,366,358
90,215,181
218,138,233
17,18,367
222,221,94
219,274,275
357,324,118
66,195,65
320,314,332
340,346,122
326,104,327
40,340,262
80,177,179
231,117,251
179,102,317
322,324,357
164,157,110
214,215,216
56,357,291
310,315,120
4,189,191
174,175,176
51,52,146
270,90,271
264,336,99
87,153,279
358,133,350
312,314,121
36,300,35
235,325,267
180,90,181
96,207,257
79,312,259
195,207,96
161,162,163
224,352,353
200,299,124
157,156,110
188,106,269
183,192,91
79,243,199
79,213,312
185,184,101
345,104,343
198,210,211
318,109,319
78,217,219
202,227,106
239,230,204
81,171,173
320,121,314
60,165,152
59,152,154
235,119,325
49,3,363
76,211,310
288,129,289
244,249,116
270,272,90
261,260,136
35,365,2
22,164,140
29,30,158
16,17,359
228,116,249
287,286,128
165,145,111
83,337,239
85,229,231
83,205,321
196,92,197
328,327,134
6,303,5
267,114,254
250,331,135
149,289,95
61,62,165
265,99,210
182,304,305
146,147,148
22,23,164
237,324,266
335,354,238
58,59,253
291,118,236
170,236,237
54,163,166
173,234,235
88,169,294
321,311,120
309,317,108
77,225,241
201,200,124
205,96,311
206,317,102
177,252,87
279,137,276
153,293,279
215,232,181
32,33,151
45,46,328
76,196,198
15,331,250
77,241,214
253,252,115
176,103,319
278,277,175
367,369,132
307,306,108
308,304,171
171,172,173
207,276,257
42,43,245
242,112,296
351,368,286
81,174,176
211,210,99
303,126,362
209,103,277
220,104,221
44,248,244
93,353,282
217,138,218
77,214,216
268,91,269
85,270,229
329,330,331
94,221,351
261,292,243
219,218,91
69,192,183
225,93,141
81,173,235
243,113,150
21,140,142
