21	140	142
140	141	142
140	110	141
142	141	93
63	143	145
143	144	145
143	92	144
145	144	111
51	146	148
146	147	148
146	112	147
148	147	94
33	149	151
149	150	151
149	95	150
151	150	113
59	152	154
152	153	154
152	111	153
154	153	87
25	155	157
155	156	157
155	86	156
157	156	110
29	158	160
158	159	160
158	113	159
160	159	89
55	161	163
161	162	163
161	88	162
163	162	112
21	22	140
22	164	140
22	23	164
140	164	110
61	62	165
62	145	165
62	63	145
165	145	111
51	52	146
52	166	146
52	53	166
146	166	112
31	32	167
32	151	167
32	33	151
167	151	113
80	168	170
168	169	170
168	101	169
170	169	88
81	171	173
171	172	173
171	100	172
173	172	86
81	174	176
174	175	176
174	89	175
176	175	103
80	177	179
177	178	179
177	87	178
179	178	102
74	180	182
180	181	182
180	90	181
182	181	100
68	183	185
183	184	185
183	91	184
185	184	101
70	186	188
186	187	188
186	97	187
188	187	106
4	189	191
189	190	191
189	96	190
191	190	107
68	69	183
69	192	183
69	70	192
183	192	91
74	75	180
75	193	180
75	4	193
180	193	90
70	71	186
71	194	186
71	72	194
186	194	97
66	195	65
195	189	65
195	96	189
65	189	4
29	30	158
30	167	158
30	31	167
158	167	113
53	54	166
54	163	166
54	55	163
166	163	112
59	60	152
60	165	152
60	61	165
152	165	111
23	24	164
24	157	164
24	25	157
164	157	110
76	196	198
196	197	198
196	92	197
198	197	125
79	199	201
199	200	201
199	95	200
201	200	124
82	202	203
202	187	203
202	106	187
203	187	97
83	204	205
204	190	205
204	107	190
205	190	96
66	206	195
206	207	195
206	102	207
195	207	96
72	208	194
208	209	194
208	103	209
194	209	97
76	198	211
198	210	211
198	125	210
211	210	99
79	201	213
201	212	213
201	124	212
213	212	98
77	214	216
214	215	216
214	139	215
216	215	90
78	217	219
217	218	219
217	138	218
219	218	91
78	220	222
220	221	222
220	104	221
222	221	94
77	223	225
223	224	225
223	105	224
225	224	93
84	226	228
226	227	228
226	106	227
228	227	116
85	229	231
229	230	231
229	107	230
231	230	117
90	215	181
215	232	181
215	139	232
181	232	100
91	218	184
218	233	184
218	138	233
184	233	101
81	173	235
173	234	235
173	86	234
235	234	119
80	170	237
170	236	237
170	88	236
237	236	118
82	238	202
238	227	202
238	116	227
202	227	106
83	239	204
239	230	204
239	117	230
204	230	107
76	240	196
240	144	196
240	111	144
196	144	92
77	225	241
225	141	241
225	93	141
241	141	110
78	222	242
222	147	242
222	94	147
242	147	112
79	243	199
243	150	199
243	113	150
199	150	95
42	43	245
43	244	245
43	44	244
245	244	116
12	13	247
13	246	247
13	14	246
247	246	117
44	248	244
248	249	244
248	134	249
244	249	116
14	250	246
250	251	246
250	135	251
246	251	117
59	154	253
154	252	253
154	87	252
253	252	115
29	160	255
160	254	255
160	89	254
255	254	114
76	256	258
256	257	258
256	96	257
258	257	137
79	259	261
259	260	261
259	97	260
261	260	136
38	39	263
39	262	263
39	40	262
263	262	98
8	9	265
9	264	265
9	10	264
265	264	99
80	266	177
266	252	177
266	115	252
177	252	87
81	267	174
267	254	174
267	114	254
174	254	89
84	268	226
268	269	226
268	91	269
226	269	106
85	270	229
270	271	229
270	90	271
229	271	107
77	216	273
216	272	273
216	90	272
273	272	131
78	219	275
219	274	275
219	91	274
275	274	130
96	207	257
207	276	257
207	102	276
257	276	137
97	209	260
209	277	260
209	103	277
260	277	136
89	278	175
278	277	175
278	136	277
175	277	103
87	279	178
279	276	178
279	137	276
178	276	102
85	280	270
280	272	270
280	131	272
270	272	90
84	281	268
281	274	268
281	130	274
268	274	91
21	142	283
142	282	283
142	93	282
283	282	127
63	284	143
284	285	143
284	126	285
143	285	92
51	148	287
148	286	287
148	94	286
287	286	128
33	288	149
288	289	149
288	129	289
149	289	95
25	290	155
290	234	155
290	119	234
155	234	86
55	291	161
291	236	161
291	118	236
161	236	88
79	261	243
261	292	243
261	136	292
243	292	113
76	258	240
258	293	240
258	137	293
240	293	111
70	188	192
188	269	192
188	106	269
192	269	91
4	191	193
191	271	193
191	107	271
193	271	90
88	169	294
169	233	294
169	101	233
294	233	138
86	172	295
172	232	295
172	100	232
295	232	139
78	242	217
242	296	217
242	112	296
217	296	138
77	241	214
241	297	214
241	110	297
214	297	139
36	298	300
298	299	300
298	124	299
300	299	129
6	301	303
301	302	303
301	125	302
303	302	126
74	182	305
182	304	305
182	100	304
305	304	109
68	185	307
185	306	307
185	101	306
307	306	108
95	289	200
289	299	200
289	129	299
200	299	124
92	285	197
285	302	197
285	126	302
197	302	125
81	308	171
308	304	171
308	109	304
171	304	100
80	309	168
309	306	168
309	108	306
168	306	101
89	159	278
159	292	278
159	113	292
278	292	136
87	153	279
153	293	279
153	111	293
279	293	137
76	310	256
310	311	256
310	120	311
256	311	96
79	312	259
312	313	259
312	121	313
259	313	97
79	213	312
213	314	312
213	98	314
312	314	121
76	211	310
211	315	310
211	99	315
310	315	120
66	316	206
316	317	206
316	108	317
206	317	102
72	318	208
318	319	208
318	109	319
208	319	103
82	203	320
203	313	320
203	97	313
320	313	121
83	205	321
205	311	321
205	96	311
321	311	120
57	58	322
58	253	322
58	59	253
322	253	115
27	28	323
28	255	323
28	29	255
323	255	114
80	237	266
237	324	266
237	118	324
266	324	115
81	235	267
235	325	267
235	119	325
267	325	114
46	326	328
326	327	328
326	104	327
328	327	134
16	329	331
329	330	331
329	105	330
331	330	135
82	320	332
320	314	332
320	121	314
332	314	98
83	321	333
321	315	333
321	120	315
333	315	99
88	294	162
294	296	162
294	138	296
162	296	112
86	295	156
295	297	156
295	139	297
156	297	110
80	179	309
179	317	309
179	102	317
309	317	108
81	176	308
176	319	308
176	103	319
308	319	109
82	332	335
332	334	335
332	98	334
335	334	122
83	333	337
333	336	337
333	99	336
337	336	123
44	45	248
45	328	248
45	46	328
248	328	134
14	15	250
15	331	250
15	16	331
250	331	135
38	263	338
263	212	338
263	98	212
338	212	124
8	265	339
265	210	339
265	99	210
339	210	125
40	340	262
340	334	262
340	122	334
262	334	98
10	341	264
341	336	264
341	123	336
264	336	99
36	37	298
37	338	298
37	38	338
298	338	124
6	7	301
7	339	301
7	8	339
301	339	125
77	273	223
273	342	223
273	131	342
223	342	105
78	275	220
275	343	220
275	130	343
220	343	104
66	67	316
67	307	316
67	68	307
316	307	108
72	73	318
73	305	318
73	74	305
318	305	109
85	344	280
344	342	280
344	105	342
280	342	131
84	345	281
345	343	281
345	104	343
281	343	130
40	41	340
41	346	340
41	42	346
340	346	122
10	11	341
11	347	341
11	12	347
341	347	123
84	228	348
228	249	348
228	116	249
348	249	134
85	231	349
231	251	349
231	117	251
349	251	135
94	221	351
221	350	351
221	104	350
351	350	133
93	224	353
224	352	353
224	105	352
353	352	132
42	245	346
245	354	346
245	116	354
346	354	122
12	247	347
247	355	347
247	117	355
347	355	123
25	26	290
26	356	290
26	27	356
290	356	119
55	56	291
56	357	291
56	57	357
291	357	118
46	358	326
358	350	326
358	133	350
326	350	104
16	359	329
359	352	329
359	132	352
329	352	105
18	19	361
19	360	361
19	1	360
361	360	127
63	64	284
64	362	284
64	0	362
284	362	126
21	283	20
283	360	20
283	127	360
20	360	1
6	303	5
303	362	5
303	126	362
5	362	0
48	49	364
49	363	364
49	3	363
364	363	128
33	34	288
34	365	288
34	2	365
288	365	129
51	287	50
287	363	50
287	128	363
50	363	3
36	300	35
300	365	35
300	129	365
35	365	2
84	348	345
348	327	345
348	134	327
345	327	104
85	349	344
349	330	344
349	135	330
344	330	105
46	47	358
47	366	358
47	48	366
358	366	133
16	17	359
17	367	359
17	18	367
359	367	132
57	322	357
322	324	357
322	115	324
357	324	118
27	323	356
323	325	356
323	114	325
356	325	119
82	335	238
335	354	238
335	122	354
238	354	116
83	337	239
337	355	239
337	123	355
239	355	117
94	351	286
351	368	286
351	133	368
286	368	128
93	353	282
353	369	282
353	132	369
282	369	127
48	364	366
364	368	366
364	128	368
366	368	133
18	361	367
361	369	367
361	127	369
367	369	132