max,min,qf,fig
8.513084411621094 , 15.984031438827515 , 30.94501233100891,esfera
7.637782573699951 , 17.05916953086853 , 31.786250829696655,esfera
8.535853862762451 , 18.2105872631073 , 38.142926931381226,esfera
8.191192150115967 , 15.40509295463562 , 29.228286027908325,esfera
7.806393384933472 , 16.308820724487305 , 33.173200607299805,esfera
0 ruido
6.984051704406738 , 14.021758317947388 , 26.66469931602478,esfera
6.996272325515747 , 14.029228210449219 , 26.58120822906494,esfera
6.968774318695068 , 13.944995880126953 , 26.60965895652771,esfera
7.1286163330078125 , 14.260783672332764 , 27.358803510665894,esfera
7.049082279205322 , 14.286150693893433 , 27.523250579833984,esfera
sin prints
4.385977029800415 , 3.9463703632354736 , 4.3726818561553955,esfera
4.410975694656372 , 3.9508862495422363 , 4.405404806137085,esfera
4.545283317565918 , 3.940579652786255 , 4.388378381729126,esfera
4.413461685180664 , 3.9391286373138428 , 4.38789439201355,esfera
4.365774869918823 , 3.9318838119506836 , 4.36004376411438,esfera

5.237364053726196 , 9.277166604995728 , 17.881078004837036,plano
4.99038028717041 , 9.983184099197388 , 19.36325454711914,plano
5.247052192687988 , 10.508019208908081 , 21.536661863327026,plano
6.507369756698608 , 9.413076877593994 , 21.870834827423096,plano
5.395985126495361 , 9.184585094451904 , 19.614683389663696,plano
0 ruido
4.5461814403533936 , 8.37927508354187 , 16.10858654975891,plano
4.595627307891846 , 8.645494937896729 , 16.591243982315063,plano
4.55161190032959 , 8.489095449447632 , 16.44658398628235,plano
4.483325958251953 , 8.331392765045166 , 15.90229344367981,plano
4.500054359436035 , 8.354958772659302 , 15.812187671661377,plano
sin prints
2.9335904121398926 , 2.3371286392211914 , 2.5895307064056396,plano
2.9338409900665283 , 2.3377718925476074 , 2.596318006515503,plano
2.928419351577759 , 2.3481390476226807 , 2.65820050239563,plano
2.9627797603607178 , 2.359445571899414 , 2.599163770675659,plano
2.9517955780029297 , 2.327911376953125 , 2.5847222805023193,plano

8.729241371154785 , 17.164297103881836 , 33.74228835105896,conejo
9.234554290771484 , 16.441077947616577 , 36.07058906555176,conejo
9.365644216537476 , 19.48737382888794 , 37.529217004776,conejo
8.930695056915283 , 18.520233631134033 , 33.73792743682861,conejo
9.347432136535645 , 19.182071924209595 , 34.465282678604126,conejo
0 ruido
7.5728795528411865 , 15.266836881637573 , 29.134095430374146,conejo
7.506176233291626 , 15.304640769958496 , 29.562620878219604,conejo
7.605572938919067 , 15.277117729187012 , 29.77270197868347,conejo
7.474901437759399 , 15.137281894683838 , 29.022640705108643,conejo
7.499475955963135 , 15.27658486366272 , 29.14981508255005,conejo
sin prints
4.615333795547485 , 4.158531188964844 , 4.573042631149292
4.740856409072876 , 4.337313890457153 , 4.6854164600372314
4.642311096191406 , 4.1652445793151855 , 4.571842432022095
4.73384165763855 , 4.223199129104614 , 4.628952980041504
4.634967803955078 , 4.202638864517212 , 4.614641904830933









