max,min,qf,fig
8.64561915397644,17.920281887054443,36.58268618583679,esfera
8.461540222167969,19.96714496612549,35.66163229942322,esfera
8.265209436416626 , 19.045729160308838 , 31.32679581642151,esfera
7.799875497817993 , 16.491417407989502 , 31.395090579986572,esfera
9.010306596755981 , 18.002988815307617 , 34.50872588157654,esfera
0 ruido
7.068388938903809 , 14.246765613555908 , 27.473918676376343,esfera
7.098633289337158 , 14.392519235610962 , 27.742748260498047,esfera
7.074585437774658 , 14.159286260604858 , 27.178720474243164,esfera
7.042328357696533 , 13.923096895217896 , 26.638683795928955,esfera
7.087862253189087 , 14.175551652908325 , 27.07541799545288,esfera
sin prints
4.431643724441528 , 3.9511871337890625 , 4.369061708450317,esfera
4.4726221561431885 , 3.9802207946777344 , 4.5314741134643555,esfera
4.468511581420898 , 3.959662914276123 , 4.4241249561309814,esfera
4.331793308258057 , 3.905749797821045 , 4.33261513710022,esfera
4.392051458358765 , 3.9339373111724854 , 4.37547755241394,esfera

5.546868324279785 , 8.87981128692627 , 18.336844205856323,plano
5.041839361190796 , 10.554862260818481 , 19.941829204559326,plano
5.651564121246338 , 10.431232213973999 , 21.474682569503784,plano
5.392999172210693 , 11.608427286148071 , 21.917195081710815,plano
5.2127909660339355 , 10.851674556732178 , 19.476969480514526,plano
0 ruido
4.5464863777160645 , 8.434118032455444 , 16.092063426971436,plano
4.50462794303894 , 8.227518081665039 , 15.874714851379395,plano
4.470627546310425 , 8.309441804885864 , 15.814827919006348,plano
4.510194301605225 , 8.290236234664917 , 15.821350812911987,plano
4.572410821914673 , 8.307092428207397 , 15.794172525405884,plano
sin prints
2.9192726612091064 , 2.334231376647949 , 2.58349347114563,plano
2.9285037517547607 , 2.3284895420074463 , 2.5834152698516846,plano
2.9162919521331787 , 2.336090326309204 , 2.596344470977783,plano
2.994145154953003 , 2.366851568222046 , 2.6894893646240234,plano
2.9173707962036133 , 2.3360888957977295 , 2.6130974292755127,plano

9.711781024932861 , 19.357975482940674 , 37.83542513847351,conejo
9.166262149810791 , 19.441105127334595 , 50.722649812698364,conejo
9.516528367996216 , 18.541452884674072 , 44.0030677318573,conejo
9.743350982666016 , 20.386909246444702 , 39.51162934303284,conejo
10.609839916229248 , 18.3083074092865 , 35.23379874229431,conejo
0 ruido
7.42495584487915 , 14.943135499954224 , 28.55698037147522,conejo
7.602625608444214 , 15.512332201004028 , 29.892579793930054,conejo
7.482266426086426 , 15.07249402999878 , 28.894063472747803,conejo
7.6818482875823975 , 15.468324899673462 , 29.29053521156311,conejo
7.509437084197998 , 15.168573141098022 , 29.111400842666626,conejo
sin prints
4.696944236755371 , 4.210897922515869 , 4.6693315505981445,conejo
4.638595104217529 , 4.191394567489624 , 4.593959093093872,conejo
4.72437858581543 , 4.207928895950317 , 4.614834308624268,conejo
4.688004493713379 , 4.211801528930664 , 4.601917028427124,conejo
4.704998254776001 , 4.207495450973511 , 4.603362083435059,conejo












